1.12219 -4.02733 8.222620000000001
0.9903000000000001 -4.26767 8.21837
1.28142 -4.39281 8.24962
2.28499 -3.9102799999999998 7.57316
2.30259 -4.21993 7.82687
2.3969199999999997 -4.16944 7.462619999999999
0.99308 -4.09614 8.011009999999999
1.21505 -4.5087399999999995 7.52735
1.3175999999999999 -4.4317 7.855180000000001
1.11119 -4.40932 7.774419999999999
2.0927000000000002 -4.58625 7.51208
1.99742 -4.51399 7.7479
1.68488 -4.639480000000001 7.616490000000001
2.29098 -3.98351 7.28676
1.89398 -4.63802 7.336359999999999
1.5603900000000002 -4.50123 7.66565
1.41031 -4.4502999999999995 7.37185
1.7377500000000001 -4.55198 7.203619999999999
2.07186 -4.50455 7.10414
1.51058 -4.23663 7.97549
1.53883 -4.4401 7.2368500000000004
2.3045 -4.3981900000000005 7.26048
2.48755 -4.26303 7.41611
1.9641 -4.38282 7.99525
1.27142 -4.5304899999999995 7.089720000000001
1.39443 -4.222799999999999 7.2250700000000005
2.46637 -4.035270000000001 7.25987
1.37826 -4.18825 8.24394
1.68593 -3.92247 8.58005
1.25035 -4.0974699999999995 8.25003
1.20111 -4.5940199999999995 7.86578
1.1039400000000001 -4.5991599999999995 8.04103
1.78685 -3.9238099999999996 8.32828
1.7902799999999999 -3.7696899999999998 8.5083
2.291 -4.41568 7.65323
2.01398 -3.8707599999999998 7.04268
2.11592 -3.8038 7.2218800000000005
2.07263 -4.10341 7.05492
1.56918 -3.8827 7.07769
1.4818200000000001 -3.7502400000000002 7.05306
2.4212 -4.22828 7.133159999999999
1.9414600000000002 -4.14327 7.04604
1.6134399999999998 -4.23124 7.07812
1.3925999999999998 -4.06147 8.1374
1.21335 -3.5488399999999998 8.2278
1.23255 -3.9714500000000004 8.11423
1.71433 -4.46611 7.09398
1.40795 -3.92861 7.047879999999999
1.5723 -3.96171 7.23131
1.63546 -4.50415 7.05393
1.08708 -4.15149 7.389
0.98593 -4.27733 7.61011
1.12989 -3.89292 7.5315900000000005
1.3919300000000001 -3.9724 7.2880400000000005
1.5609700000000002 -3.8041799999999997 7.64278
2.04478 -4.28702 7.00951
1.5481900000000002 -4.39656 7.0656099999999995
1.25209 -4.2722999999999995 7.052960000000001
1.2786600000000001 -3.4486 8.465770000000001
2.16361 -3.8922299999999996 7.7607099999999996
1.39651 -4.0001999999999995 7.980040000000001
0.97912 -4.21043 7.82032
1.9755600000000002 -4.09963 8.04128
1.12692 -3.53666 8.50549
0.9779300000000001 -4.4982299999999995 7.86277
1.61107 -4.62223 7.092270000000001
1.80965 -3.86438 7.83227
1.61498 -3.69482 7.46692
1.70543 -3.74062 7.1875800000000005
1.57223 -4.05827 7.088830000000001
1.14098 -4.0677 7.071619999999999
1.28579 -3.9009500000000004 7.81761
1.83566 -3.67888 7.60697
1.99225 -4.40188 7.081840000000001
1.4702499999999998 -4.31625 7.04287
1.4494399999999998 -4.146599999999999 7.04717
1.48604 -4.04795 7.039809999999999
2.12535 -4.17648 7.073460000000001
1.3566 -4.21677 7.037139999999999
1.51512 -3.9925500000000005 7.057799999999999